hours,attendance,marks,result
1,50,30,0
1,45,28,0
2,55,35,0
2,48,32,0
3,60,40,0
3,52,38,0
4,65,45,0
4,58,42,0
4,75,55,1
5,70,55,1
5,62,50,0
6,75,60,1
6,80,65,1
7,80,70,1
7,85,72,1
8,85,75,1
8,90,80,1
2,40,25,0
3,50,38,0
5,72,58,1
6,90,80,1
7,88,78,1
8,92,85,1
1,55,33,0
2,60,37,0
3,65,44,0
4,70,50,1
5,78,60,1
6,82,68,1
7,90,75,1
1,55,30,0
2,60,35,0
3,65,40,0
4,70,45,0
5,75,50,1
6,80,55,1
7,85,60,1
8,90,70,1
2,50,32,0
3,55,38,0
4,60,42,0
5,65,48,1
6,70,52,1
7,75,58,1
8,80,65,1
1,45,25,0
2,50,30,0
3,55,36,0
4,60,44,0
5,65,49,1
6,70,53,1
7,75,59,1
8,85,68,1
2,40,28,0
3,45,34,0
4,50,39,0
5,55,46,1
6,60,50,1
7,65,55,1
8,70,62,1
1,35,20,0
2,40,25,0
3,45,30,0
4,50,38,0
5,55,45,1
6,60,52,1
7,65,58,1
8,75,66,1
2,60,37,0
3,65,42,0
4,70,47,1
5,75,53,1
6,80,58,1
7,85,63,1
8,90,72,1
1,50,28,0
2,55,33,0
3,60,40,0
4,65,46,1
5,70,51,1
6,75,56,1
7,80,62,1
8,85,69,1